0 0.032813 0.503125 0.056250 0.096875
0 0.101562 0.501563 0.062500 0.100000
0 0.165625 0.500781 0.056250 0.098438
0 0.228906 0.502344 0.057813 0.095313
0 0.292187 0.501563 0.059375 0.093750
0 0.358594 0.500781 0.064063 0.098438
0 0.450000 0.500000 0.065625 0.096875
0 0.516406 0.498438 0.057813 0.093750
0 0.580469 0.499219 0.057813 0.089063
0 0.646094 0.498438 0.060938 0.093750
0 0.738281 0.496094 0.060938 0.095313
0 0.803906 0.496094 0.057813 0.095313
0 0.895313 0.496875 0.062500 0.093750
0 0.960938 0.497656 0.059375 0.092188
