0 0.964063 0.500781 0.050000 0.070312
0 0.900000 0.498438 0.050000 0.071875
0 0.835156 0.500000 0.045313 0.071875
0 0.775781 0.498438 0.051563 0.071875
0 0.707813 0.499219 0.053125 0.073438
0 0.646875 0.497656 0.046875 0.070312
0 0.582031 0.499219 0.051563 0.073438
0 0.521094 0.499219 0.051563 0.073438
0 0.455469 0.500781 0.048438 0.070312
0 0.393750 0.497656 0.050000 0.070312
0 0.328125 0.499219 0.050000 0.073438
0 0.263281 0.497656 0.045313 0.070312
0 0.200781 0.500000 0.054688 0.068750
0 0.136719 0.500000 0.048438 0.068750
0 0.073438 0.498438 0.046875 0.068750
0 0.017188 0.501563 0.034375 0.068750
