0 0.037500 0.497656 0.056250 0.089063
0 0.103125 0.498438 0.056250 0.087500
0 0.167969 0.496094 0.057813 0.089063
0 0.232813 0.498438 0.062500 0.090625
0 0.292969 0.497656 0.054688 0.092188
0 0.356250 0.500000 0.065625 0.096875
0 0.445312 0.502344 0.065625 0.092188
0 0.514844 0.497656 0.060938 0.092188
0 0.576562 0.497656 0.056250 0.092188
0 0.639063 0.499219 0.059375 0.101562
0 0.727344 0.496875 0.060938 0.090625
0 0.794531 0.500781 0.064063 0.095313
0 0.879688 0.503906 0.068750 0.095313
0 0.947656 0.503125 0.060938 0.093750
