0 0.959375 0.500000 0.062500 0.100000
0 0.891406 0.500781 0.060938 0.098438
0 0.031250 0.504688 0.059375 0.096875
0 0.098438 0.507031 0.062500 0.095313
0 0.164844 0.505469 0.057813 0.095313
0 0.226562 0.507031 0.059375 0.092188
0 0.291406 0.507031 0.057813 0.092188
0 0.357031 0.506250 0.060938 0.093750
0 0.800000 0.502344 0.065625 0.092188
0 0.732813 0.501563 0.062500 0.090625
0 0.642969 0.500000 0.064063 0.100000
0 0.578125 0.500781 0.059375 0.098438
0 0.512500 0.503125 0.059375 0.093750
0 0.449219 0.505469 0.057813 0.095313
