0 0.032031 0.503906 0.042188 0.070312
0 0.092188 0.504688 0.040625 0.065625
0 0.154688 0.502344 0.043750 0.060938
0 0.216406 0.503125 0.045313 0.062500
0 0.275781 0.502344 0.045313 0.064063
0 0.400781 0.503906 0.045313 0.067187
0 0.464844 0.503125 0.042188 0.068750
0 0.525781 0.502344 0.042188 0.064063
0 0.589844 0.502344 0.042188 0.064063
0 0.653125 0.502344 0.046875 0.064063
0 0.778125 0.505469 0.043750 0.067187
0 0.842188 0.503125 0.043750 0.059375
0 0.901563 0.503906 0.040625 0.060938
0 0.964844 0.503125 0.042188 0.059375
