0 0.464063 0.493750 0.043750 0.068750
0 0.524219 0.494531 0.042188 0.070312
0 0.583594 0.494531 0.045313 0.067187
0 0.646094 0.496094 0.048438 0.073438
0 0.771875 0.492969 0.043750 0.070312
0 0.833594 0.493750 0.045313 0.065625
0 0.893750 0.493750 0.050000 0.068750
0 0.957031 0.492969 0.045313 0.070312
0 0.710938 0.495313 0.050000 0.068750
0 0.403125 0.493750 0.046875 0.068750
0 0.341406 0.494531 0.045313 0.070312
0 0.281250 0.492969 0.046875 0.070312
0 0.219531 0.493750 0.048438 0.071875
0 0.164062 0.492188 0.050000 0.075000
0 0.103906 0.493750 0.048438 0.071875
0 0.036719 0.492969 0.051563 0.070312
