0 0.107813 0.500781 0.046875 0.073438
0 0.167969 0.502344 0.048438 0.076563
0 0.228906 0.500000 0.048438 0.075000
0 0.289062 0.500000 0.046875 0.075000
0 0.351562 0.499219 0.050000 0.073438
0 0.410156 0.499219 0.045313 0.073438
0 0.471875 0.500781 0.050000 0.067187
0 0.531250 0.500781 0.046875 0.067187
0 0.719531 0.498438 0.045313 0.075000
0 0.779688 0.497656 0.046875 0.073438
0 0.841406 0.500000 0.048438 0.071875
0 0.901563 0.501563 0.043750 0.068750
0 0.963281 0.499219 0.048438 0.073438
0 0.658594 0.500000 0.051563 0.075000
0 0.597656 0.503125 0.048438 0.068750
0 0.047656 0.501563 0.045313 0.068750
