0 0.107813 0.497656 0.053125 0.089063
0 0.169531 0.499219 0.054688 0.082813
0 0.303906 0.496094 0.057813 0.079688
0 0.433594 0.496875 0.051563 0.078125
0 0.500000 0.496094 0.050000 0.079688
0 0.564844 0.496875 0.048438 0.078125
0 0.629688 0.494531 0.050000 0.082813
0 0.692188 0.493750 0.053125 0.081250
0 0.757812 0.496094 0.050000 0.079688
0 0.825781 0.493750 0.051563 0.081250
0 0.890625 0.492188 0.050000 0.078125
0 0.957031 0.492188 0.051563 0.078125
0 0.038281 0.500000 0.051563 0.084375
0 0.235938 0.500000 0.056250 0.081250
