0 0.497656 0.507812 0.045313 0.065625
0 0.558594 0.507031 0.045313 0.067187
0 0.620313 0.507031 0.043750 0.067187
0 0.684375 0.507812 0.046875 0.065625
0 0.784375 0.507031 0.046875 0.067187
0 0.847656 0.505469 0.045313 0.064063
0 0.910156 0.507812 0.045313 0.068750
0 0.971094 0.507812 0.045313 0.065625
0 0.396094 0.507812 0.045313 0.068750
0 0.334375 0.508594 0.043750 0.070312
0 0.272656 0.507031 0.045313 0.067187
0 0.209375 0.509375 0.043750 0.068750
0 0.149219 0.506250 0.048438 0.071875
0 0.085156 0.506250 0.045313 0.071875
0 0.027344 0.506250 0.045313 0.071875
