0 0.025781 0.495313 0.051563 0.078125
0 0.095313 0.496094 0.046875 0.076563
0 0.163281 0.500000 0.048438 0.078125
0 0.229688 0.496875 0.046875 0.075000
0 0.332031 0.494531 0.051563 0.076563
0 0.400781 0.497656 0.048438 0.076563
0 0.465625 0.496094 0.053125 0.073438
0 0.535156 0.495313 0.048438 0.071875
0 0.597656 0.496094 0.048438 0.073438
0 0.667969 0.496875 0.051563 0.075000
0 0.769531 0.493750 0.048438 0.075000
0 0.835938 0.495313 0.046875 0.071875
0 0.903906 0.494531 0.051563 0.076563
0 0.969531 0.496094 0.045313 0.076563
