0 0.118750 0.507812 0.053125 0.084375
0 0.188281 0.504688 0.054688 0.084375
0 0.255469 0.506250 0.054688 0.078125
0 0.050781 0.508594 0.051563 0.076563
0 0.325781 0.507031 0.051563 0.079688
0 0.394531 0.507812 0.051563 0.084375
0 0.461719 0.506250 0.051563 0.081250
0 0.609375 0.507031 0.053125 0.079688
0 0.678125 0.505469 0.050000 0.076563
0 0.746094 0.504688 0.051563 0.078125
0 0.817188 0.503125 0.050000 0.081250
0 0.885938 0.502344 0.050000 0.073438
0 0.953906 0.503125 0.051563 0.075000
0 0.542188 0.506250 0.053125 0.078125
