0 0.073438 0.499219 0.037500 0.067187
0 0.021875 0.500000 0.037500 0.068750
0 0.135156 0.500000 0.045313 0.065625
0 0.191406 0.498438 0.045313 0.065625
0 0.250781 0.501563 0.045313 0.071875
0 0.310156 0.500781 0.051563 0.070312
0 0.367188 0.500000 0.043750 0.068750
0 0.425000 0.500000 0.046875 0.068750
0 0.485156 0.501563 0.045313 0.068750
0 0.607031 0.500781 0.045313 0.067187
0 0.666406 0.502344 0.051563 0.067187
0 0.722656 0.500781 0.045313 0.070312
0 0.779688 0.500781 0.046875 0.070312
0 0.838281 0.500781 0.048438 0.070312
0 0.898438 0.500781 0.046875 0.070312
0 0.957031 0.501563 0.045313 0.068750
0 0.549219 0.503125 0.048438 0.065625
