0 0.233594 0.505469 0.057813 0.079688
0 0.302344 0.500781 0.051563 0.079688
0 0.373438 0.503125 0.053125 0.084375
0 0.442969 0.502344 0.054688 0.079688
0 0.514062 0.503125 0.053125 0.084375
0 0.589063 0.503125 0.056250 0.084375
0 0.159375 0.501563 0.053125 0.081250
0 0.083594 0.499219 0.048438 0.079688
0 0.024219 0.501563 0.042188 0.081250
0 0.739063 0.501563 0.053125 0.078125
0 0.809375 0.500781 0.050000 0.076563
0 0.881250 0.503906 0.050000 0.082813
0 0.950781 0.503906 0.051563 0.082813
0 0.669531 0.503906 0.054688 0.076563
