0 0.440625 0.497656 0.040625 0.067187
0 0.496094 0.497656 0.042188 0.067187
0 0.671094 0.496094 0.042188 0.064063
0 0.792188 0.498438 0.046875 0.068750
0 0.848438 0.499219 0.043750 0.067187
0 0.906250 0.499219 0.043750 0.067187
0 0.963281 0.498438 0.045313 0.068750
0 0.737500 0.500000 0.040625 0.065625
0 0.613281 0.498438 0.045313 0.068750
0 0.558594 0.497656 0.045313 0.067187
0 0.384375 0.496875 0.043750 0.065625
0 0.325781 0.497656 0.048438 0.067187
0 0.268750 0.497656 0.043750 0.070312
0 0.211719 0.499219 0.045313 0.070312
0 0.154688 0.499219 0.046875 0.067187
0 0.099219 0.496094 0.045313 0.067187
0 0.038281 0.497656 0.048438 0.067187
