0 0.107813 0.499219 0.053125 0.079688
0 0.175781 0.499219 0.048438 0.079688
0 0.251563 0.500000 0.059375 0.078125
0 0.319531 0.500000 0.048438 0.078125
0 0.470313 0.497656 0.053125 0.076563
0 0.401563 0.500000 0.050000 0.078125
0 0.039062 0.501563 0.050000 0.075000
0 0.542188 0.496875 0.053125 0.081250
0 0.609375 0.498438 0.050000 0.078125
0 0.681250 0.499219 0.053125 0.079688
0 0.753125 0.496875 0.053125 0.081250
0 0.825000 0.496875 0.050000 0.081250
0 0.892969 0.498438 0.054688 0.084375
0 0.964063 0.500000 0.053125 0.081250
