0 0.070312 0.497656 0.056250 0.085938
0 0.135156 0.496094 0.054688 0.085938
0 0.195312 0.496094 0.056250 0.085938
0 0.253906 0.498438 0.051563 0.090625
0 0.312500 0.497656 0.056250 0.089063
0 0.377344 0.499219 0.060938 0.089063
0 0.460938 0.500000 0.062500 0.087500
0 0.522656 0.499219 0.054688 0.089063
0 0.581250 0.499219 0.056250 0.085938
0 0.644531 0.498438 0.057813 0.090625
0 0.726562 0.497656 0.059375 0.089063
0 0.790625 0.499219 0.059375 0.092188
0 0.873438 0.500781 0.062500 0.095313
0 0.939063 0.500781 0.059375 0.089063
