0 0.111524 0.378119 0.040892 0.061420
0 0.154275 0.378119 0.040892 0.061420
0 0.434015 0.353167 0.039033 0.057582
0 0.473048 0.353167 0.039033 0.057582
0 0.512082 0.353167 0.039033 0.057582
0 0.552974 0.351248 0.039033 0.057582
0 0.826208 0.343570 0.039033 0.057582
0 0.865242 0.343570 0.039033 0.057582
0 0.127323 0.737044 0.039033 0.057582
0 0.172862 0.734165 0.040892 0.059501
0 0.501859 0.715931 0.040892 0.061420
0 0.548327 0.715931 0.040892 0.061420
0 0.843866 0.692898 0.040892 0.061420
0 0.901487 0.694818 0.040892 0.061420
