0 0.334371 0.889984 0.026152 0.052545
0 0.358655 0.888342 0.024907 0.052545
0 0.382316 0.889163 0.022416 0.054187
0 0.405978 0.889163 0.022416 0.054187
0 0.428394 0.889163 0.022416 0.054187
0 0.452055 0.887521 0.022416 0.054187
0 0.499377 0.885878 0.022416 0.054187
0 0.521793 0.884236 0.022416 0.054187
0 0.545455 0.882594 0.022416 0.054187
0 0.569116 0.882594 0.022416 0.054187
0 0.592777 0.882594 0.022416 0.054187
0 0.616438 0.880952 0.022416 0.054187
0 0.650062 0.882594 0.022416 0.054187
0 0.673724 0.882594 0.022416 0.054187
