0 0.220000 0.415525 0.048000 0.082192
0 0.280000 0.413242 0.048000 0.086758
0 0.340000 0.413242 0.056000 0.086758
0 0.400000 0.415525 0.048000 0.082192
0 0.518000 0.415525 0.052000 0.091324
0 0.578000 0.415525 0.052000 0.091324
0 0.638000 0.415525 0.052000 0.091324
0 0.698000 0.415525 0.052000 0.091324
0 0.758000 0.413242 0.052000 0.095890
0 0.280000 0.659817 0.056000 0.086758
0 0.340000 0.659817 0.048000 0.086758
0 0.398000 0.659817 0.052000 0.086758
0 0.460000 0.659817 0.048000 0.086758
0 0.578000 0.662100 0.052000 0.091324
0 0.638000 0.662100 0.052000 0.091324
0 0.698000 0.662100 0.052000 0.091324
