0 0.255556 0.185366 0.044444 0.078049
0 0.301852 0.185366 0.048148 0.078049
0 0.348148 0.185366 0.044444 0.078049
0 0.394444 0.185366 0.048148 0.078049
0 0.440741 0.185366 0.051852 0.078049
0 0.487037 0.185366 0.048148 0.078049
0 0.555556 0.182927 0.044444 0.073171
0 0.600000 0.182927 0.044444 0.073171
0 0.648148 0.182927 0.044444 0.073171
0 0.694444 0.182927 0.040741 0.073171
0 0.740741 0.182927 0.037037 0.073171
0 0.785185 0.182927 0.037037 0.073171
0 0.831481 0.182927 0.040741 0.073171
0 0.877778 0.182927 0.037037 0.073171
0 0.925926 0.182927 0.037037 0.073171
