0 0.336232 0.131373 0.040580 0.066667
0 0.373913 0.131373 0.040580 0.066667
0 0.408696 0.133333 0.034783 0.062745
0 0.446377 0.131373 0.034783 0.058824
0 0.481159 0.131373 0.034783 0.058824
0 0.515942 0.133333 0.034783 0.062745
0 0.589855 0.129412 0.037681 0.062745
0 0.627536 0.129412 0.037681 0.054902
0 0.665217 0.131373 0.037681 0.058824
0 0.701449 0.131373 0.034783 0.050980
0 0.739130 0.133333 0.034783 0.054902
0 0.773913 0.133333 0.034783 0.054902
0 0.802899 0.131373 0.023188 0.058824
0 0.828986 0.131373 0.028986 0.058824
0 0.860870 0.133333 0.028986 0.062745
0 0.900000 0.133333 0.031884 0.062745
