0 0.147826 0.109804 0.040580 0.062745
0 0.259420 0.111765 0.037681 0.058824
0 0.294203 0.111765 0.037681 0.058824
0 0.330435 0.111765 0.034783 0.058824
0 0.366667 0.111765 0.037681 0.058824
0 0.404348 0.111765 0.031884 0.058824
0 0.439130 0.111765 0.037681 0.058824
0 0.475362 0.113725 0.034783 0.062745
0 0.549275 0.111765 0.037681 0.058824
0 0.585507 0.111765 0.034783 0.058824
0 0.621739 0.109804 0.037681 0.062745
0 0.657971 0.109804 0.034783 0.062745
0 0.694203 0.109804 0.037681 0.062745
0 0.730435 0.109804 0.034783 0.062745
0 0.766667 0.109804 0.037681 0.062745
0 0.804348 0.109804 0.037681 0.062745
0 0.856522 0.107843 0.031884 0.058824
