0 0.178218 0.297358 0.029182 0.058868
0 0.210005 0.297358 0.029182 0.058868
0 0.369984 0.292830 0.029182 0.058868
0 0.402814 0.292830 0.029182 0.058868
0 0.565399 0.283774 0.029182 0.058868
0 0.596144 0.283019 0.029182 0.058868
0 0.785305 0.285283 0.029182 0.058868
0 0.815529 0.285283 0.029182 0.058868
0 0.738405 0.287547 0.029182 0.058868
0 0.134445 0.593962 0.029182 0.058868
0 0.164669 0.590943 0.029182 0.058868
0 0.200104 0.587925 0.029182 0.058868
0 0.235018 0.586415 0.029182 0.058868
0 0.322564 0.590943 0.029182 0.058868
0 0.357478 0.591698 0.029182 0.058868
0 0.390829 0.592453 0.029182 0.058868
0 0.421574 0.591698 0.029182 0.058868
0 0.531006 0.575094 0.029182 0.058868
0 0.564356 0.575849 0.029182 0.058868
0 0.598228 0.576604 0.029182 0.058868
0 0.732673 0.566038 0.029182 0.058868
0 0.764982 0.566792 0.029182 0.058868
0 0.797811 0.565283 0.029182 0.058868
0 0.153205 0.888302 0.029182 0.058868
0 0.187598 0.888302 0.029182 0.058868
0 0.351225 0.882264 0.029182 0.058868
0 0.386660 0.881509 0.029182 0.058868
0 0.559666 0.862642 0.029182 0.058868
0 0.591454 0.862642 0.029182 0.058868
0 0.764461 0.869434 0.029182 0.058868
0 0.796248 0.869434 0.029182 0.058868
